$ANSIBLE_VAULT;1.1;AES256
34376563306262613864643836376335663664373835643237336638313934393230366630636433
3766326461643837643363663166633831386630386637630a323832323936383634613561323461
32303132643139666664363038353735653462613832303935383238386165636161363761343830
3639353530383937650a343235343965656431623836316131613564666461393966393238646162
36323166363330663932373132326661633530363237656366663362326562616535373439346564
34313235333965336639383437316436643535373162613439656164616633633339356238306439
65313331633537396562373032303033396566633762393739613630643364663234313566663037
33393832626437656462386263653865363535363664343733303530663732316237376466616331
35313639353437353334626564393838393863643533653633373330343636366533613062653532
30653964623631656363363461623536613536373034366436303263346231656330353564333534
39356664663334623531636337616332313838353033623466623366616338623535633034656565
37316435383731356663336262663137303330653661373731343035313338643539653734396430
63656165623833656432663866383830366435376361313664353064356135366537636332613064
32663665303737613761666361373739616130633330306135353430366462396261653433623233
37313766303435363534333861353931306239613939623061633333313436313862333436663736
31353963613237383039616465643363343835393633656165383530333335613937373738323766
64366234306662333963383634633630643036373030666237376334393064353132643365346264
65643639323831376330656331663832643538613536396138333166626637643935663038386531
35393331386265666432393138666538653730316137626462626566363833326133306534383861
63323035326536373936333564303536323636316661336639353065316361346632333034363932
32306335623036633665303166663430643931633462333138396633356564346365393131303663
64656439643062626266323861303436626533656537316339323861313838313737653066656239
34303636313338613462643631353566613564366461316131623266656537336465386539393939
31663763616361626665306165666165376232343434366164656439646332303234336332363064
62393739396130653962626266303232343864653836633639613031613634633338303531363934
30616234333230623538313138386130656462343932653031623464306139326234326237356337
66336638633834616663316462396330383137356233326161313639393362653863656335666430
66633763396366313434656534386630616562663433633639623339306363646430373135653135
35396435616263393930633330626161366333373065653931616466653434323262386636313234
32393130323562633564643833663331353533373761623731626136316161343536623531346130
36643832313662396466303263656462303565316461333631383935666666373365383136396239
30656530653039353434643233616135633131626362666539343163323861396634393538386534
38623430346332383835323763393261643837613836636634343762323064396131326336336663
64666238313939353237663331646666383764653734616539623834396630323338383863333961
63393162666565346530613538663338303665656466336564313963616436306438623839653635
32343464613232373432313634353439353566383863346364356637646137616439623964626436
35356665376361646437666635363938633934633863316163613139383861656666326138386636
31643935613561316262383634326163353865353162666433643331633837626666383161616130
38343335383263383734646463623331353631336435383165636463303561633865336637323763
31393233653137353364653961376237336334616165323031316638366164383232386138306332
38623662383436383433643466633161383263333236316666383432646365663436346465353665
31623765383265613930316437663436666564313264373736613936313533616636626337623932
33336366646661663464636439323132656435356134653639333564386131366161326564663763
39653533653138323635313036373433373765623461656230356430343563666363633261336266
33616433636431376463326438646131353837323639656166313939336431363963326636373334
33333136613139356333386239306464383164343837616130363766623966346331383336613539
36353632343137383835663333326562323061643530383533643265663632393562343463623435
31663163303236663639633239646439663330393066366661653161653735303133343637663964
38633030646161613762616630343331353836633365666437333732666632363139
