$ANSIBLE_VAULT;1.1;AES256
61663436353832646633643537343461366133653362626665386338336362303234343337626666
3638306464353537373964623933356634393137353462650a343364386531623538616131623564
36363836383765383738616563353130663234323539666132313938346437323766623465353639
6562626132656562390a363162613032396363656464616364393532336465333064653233633539
61306664666664666165663335663531353332323232323064313161666130656539306532383962
38356239356536663064333062336639343037373132303134393065376463666239626565666163
63353462393561643563366265643261383438363034353662646362346661623731373530663561
65636561363434326263363238653465613335653638313665646235316262396632616463386635
33656365346136393862633062666362373833366535333639626461373162343966366339373738
36393335383465383730663539303930396433393666636130323935616535633730393963633939
61326662623762333632353666363138336163306530643730666239316536353164646636653138
37393162303864303464633465306563363666663432636137376637396334376666363566396535
61326134643837646330373261663037633639396630613138653536643161666139343965613834
37323261376631333634366336313866313537613639373064356262333865333034346336393761
32613430326538613731373435643831613566643337336131376532623231366566666362633432
31306636656165636166333166653733323833396261646664363066643466386136363538633466
63303534666535323731643062343437353765333139383166613936356162333661643862376631
61313739386665313038373966643838326434326163373561373833666161363663333361623962
31636462623931303264306165353736356561346366653236643364336631616464313266623530
37353438636136303637346539656563643531663431643933633764363138326561306633353061
35623133663538306331333937616430613232633361623234663938623933326235343266343031
34646362653035616562626362306563373066343762333464643930336163626561326361346662
61366663313162626337613665666335323937313062626337636261366661323966663264336463
62383331376666626538
