$ANSIBLE_VAULT;1.1;AES256
66386466643063336432636539363166303835363966396133656636303163666531613465373166
6563666363343235623163333137623364633235626531340a346537316166636263333039343233
36666233656235373936643335633231366239613161316333316336373536623834313761636464
6632663330643761340a663065336236393265653935383430663337363833323231653861343363
66376637653632613962613433353235353833313038343335353763333462353930363439663536
39643364623262323938323830316463643039613064653166626566663633336234323039643437
35636438646237393333613364623964336666396637643236383330343232636339363733643566
39633630386236373230346534346639383839636636646466383230323435623131656633373935
66633331653130356431333137346339363931646130343435653337393439353863396266356365
32626163626234646634393435303131326630343032663065373164626535316162373833356531
39373832363438633664643763316262633261643034303233373064613436623735376130326533
31656161313361303936333535363732346639376331336461326539363432323838313731653839
38383066626630653365623261313738633863396337373330316334636565306532356335623363
30663862383232303566363563623264663931343933343639646562313339313762663862363561
62336133376565343434363964643830643834353131373238333962653735323261363233373233
37363865363666316336653630633235386534653564633530393033656261643930306564323062
35316562313932356537663631333135323439336661613062393233346562343533363237636432
31303931313863336130653066623461636333383031366439396566373430333438333162616334
65323432636333636339313864636665303531383135386565626662633330396562666339363832
37353538303066626332
