$ANSIBLE_VAULT;1.1;AES256
65656431633033393462356133626164393764313437303865306261306630653465633031353466
3464633530303737373633323734323863646562653464660a363463313735363364303864653063
65393663383831653738636664666130373163346635666439373838313638653661376636663466
6234323462643135640a303939353738313331396632346366633661346166393439613939663035
37326330316161336136393431613662313661363430623866613135626432333264643930663336
35616430613666396663376564303565353064636632386537623463643864663233623534313439
66366531316538653638663163643231343435386436333038306135353933353531303361643639
33623839316463643534353065616163616435626330353936313566643032326131336136343564
62623335343563653936363065616465303230376633323534396439343037373066323739383664
30393135386433613939386134316530323034383166643961303238346138343666313433613237
31643535346365376462616262313762333635616363663131306335616232316261626664356631
32643630363132323633353038333538363362313038346536363235383238396632363833376131
30343934363136646330663263303835356364626430366364373264343962353434396532663931
63623136313638313633306137313566343033643736316164383666366434383062356266643463
38663630323664613335653764333436363639336233633835626435303031666634356536613462
31313435383865653932393936383436396263346530316331313765313065623736653766386237
61313263303265393334376565663761336563316431643938623033343738316361663830626661
34663336363666326236316431623266623035366136333665343339613863653761386565663166
64386565366461613362633462326234663064643362633532663039363334343862313963396232
33616536623233326539313865386166373161613461356165656262616239393838636635623731
30316664373834363838356637353561613433373362636234383166386162646339663138363533
66656163316562353463636235386136633233316133373939303935336361323065386466383834
62386265343939653664336436383864623934336365643265313964666531383065386136376161
35616233343331376433303238373262356532613238333431373932613561373033646539663533
38636130363665313535323066373835643531303635343761343236613534373136323365356536
37333938313938336561333335633739306638636665643939323161623036653134313466386666
32303937653964333432323539356335353362333338663131663432613331613131366237306331
35643462343437386634633637316439356461383531613431333131643566303337643136633738
66643164346466383763313930643436323739636131623933333733363232646538633364646262
66656439306363376439376430613038396534373334613137613734616137393730663863613132
38663335336630636462383037383532353762313130316537396230633534313230656536393135
34363831316635316530316532313433306563636132386639626138663639633330393832656239
37356537363831333338333766376464646564646163313137623466313833356331336461373432
36646265303663323935323934346230346334646265326565316530353133383330303562376362
62373935663261616663383465656661326631613762316634393938353966333636353935363438
36633231636162303338313265323934303639613130643638353830633936303731396430366361
39303832303737373730346566373239633664343738623938336338653536343331653966653364
61663663613865353035373839346232666666353764663737666562393163343265323065313266
31623363396364646639393263383831386663333436326238333434626462396564653436366237
37663932353566366439356565633239643063626365346461336535376231396461323634313530
31663432376635303165343961336131356233656164326366303863336238613463656464646633
37363562326531353830323930303165356530633763333838663538643433316166393634326361
34393564366231393963306166353838336263316138633735663539343865306630663934373631
65353763306231653937663563663332616330353364393563626334356135376430653438326334
36383364343361353335373833343338313666626563656135623235333864393139323832303061
61383438643464303332323465303839613737356365613336633162323461336236313834363532
63643833373333386336633766366134303361323332396666343831383537303230636235363066
36346666656465653835316233656366396337356561396537396434303161383832313432366162
32316566303334343236346530316162636465663566626265376130396333666339326230373330
38633832646136656337356566393931626337643432326531636436663234633963376532303763
34343136316664303738626230363263646338346462383064333734646333623432363261663231
63366462666137346632633737656462663065323239666666396435623763656638333061373437
37623133613961396137303539396361336538356665653861353434373739363764383130663935
63363330343831613138653539323736633635393237643530366436353464313239393238613366
62633037333265313763383865623636633632333236303836386634333362323761613030333761
37383639643237613337336266316133396363383035303030666338393339373336306330333136
39636166383865363334333437626162353063396161353333626335363466616561346265386639
33343361336437303631656464313063386336666438643638383334663539386530343934333137
61383430663164306132323939666236663939353037366338346431653530383834333365363532
38366133666331623466303733343135663839393131306238623661383032613332656133343032
61333961613264633566373136616538396662396535333537613866333936346239383636633661
66653433336263613466383531373635303233343263383437326636623238663564626561303037
37326165323633323763333630393062356431323838336337616438396637626331653035376431
65383634336139343462303361633862656137313133333938373437323335333431316438653564
38316634353963636161373131613936323731666464336265646439386432646661326335646433
32643936633233303537373164613366333338383566363865316337323538653039303332623237
35393033343737396434613539346664613237383563373065386266376430363632626233323238
64633066373635623430333830623637653533343133343066386161646462373462353165646634
63643664303932376366353338666463366133323762353864383333356433343431356438623932
63326134383062366430616261333537656564386533306530383531323063643534666166353134
63333831616138353234306262633430306432316534353661356537386166366435333764316633
65613738393563623033343830653638626433616462333163323566323235323539613063373937
65613863643939386563623263376639626665313736393035653639616337313631343065323363
30366238626631653764393862633165626635373536613130326663373637643636653132386334
64386366323961353732643432656265313332313837623061626434306232356238306236383035
31306333343931393335656664313933353262373361386633366633616266656438353762353561
63373638613135356135343038663032643639643035633763646265653966376361366362653836
6138313762326266353333666562656135323239313163373631
